# DESCRIPTION: Verilator output: Timestamp data for --skip-identical.  Delete at will.
C "--cc top.v -exe test_bench.cpp"
S   7484256  4609673  1699347647    22849890  1581264640           0 "/usr/bin/verilator_bin"
S      2040  6842987  1701565382   774484687  1701565382   774484687 "alu.v"
S       554  6859486  1701842791   672829863  1701842791   664829767 "cd_reg.v"
S      3963  6859498  1701847378   878738738  1701847378   874738683 "check.v"
S      2745  6859493  1701843751   487808980  1701843751   479809282 "d_calcpc.v"
S       587  6859613  1701838329   876555194  1701838329   868555515 "d_forwarding.v"
S      3165  6859392  1701840799   241878549  1701840799   233878559 "d_stall.v"
S      7029  6859500  1701780323   778121592  1701780323   774121544 "data_ram.v"
S      1476  6859263  1701617506   199467267  1701617506   195467267 "de_reg.v"
S      1081  6859502  1701842929   266427830  1701842929   258427742 "de_reg_calcpc.v"
S      4524  6859380  1701673125    12083130  1701673125     8083295 "decoder.v"
S      1645  6843200  1701565382   778484687  1701565382   778484687 "define.vh"
S      2605  6859383  1701846742   379032365  1701846742   371032379 "e_calcpc.v"
S      1215  6859616  1701838568   595456749  1701838568   587457040 "e_forwarding.v"
S       766  6859274  1701617789   219468861  1701617789   211468861 "em_reg.v"
S       613  6859584  1701847231   202046035  1701847231   194046052 "fc_reg.v"
S       349  6843199  1701674053   941223823  1701674053   941223823 "hardware_counter.v"
S      1598  6859571  1701846207   447773238  1701846207   439773243 "inst_rom.v"
S       435  6852578  1701565382   782484687  1701565382   782484687 "mw_reg.v"
T    374596  6859388  1701847474   411954221  1701847474   411954221 "obj_dir/Vtop.cpp"
T     12325  6859387  1701847474   403954128  1701847474   403954128 "obj_dir/Vtop.h"
T      1790  6859390  1701847474   411954221  1701847474   411954221 "obj_dir/Vtop.mk"
T       529  6843015  1701847474   403954128  1701847474   403954128 "obj_dir/Vtop__Syms.cpp"
T       773  6843193  1701847474   403954128  1701847474   403954128 "obj_dir/Vtop__Syms.h"
T       417  6852577  1701847474   411954221  1701847474   411954221 "obj_dir/Vtop__ver.d"
T         0        0  1701847474   411954221  1701847474   411954221 "obj_dir/Vtop__verFiles.dat"
T      1235  6859389  1701847474   411954221  1701847474   411954221 "obj_dir/Vtop_classes.mk"
S      1947  6859503  1701846493   303444352  1701846493   295444364 "predict.v"
S      1698  6852652  1701570061   882775275  1701570061   874775275 "regfile.v"
S      8019  6859655  1701846900   158733276  1701846900   150733292 "top.v"
S      1105  6859488  1701674997   120008442  1701674997   112008255 "uart.v"
